xmin,ymin,xmax,ymax
192,73,597,207
441,165,596,207
