xmin,ymin,xmax,ymax
82,198,621,311
