xmin,ymin,xmax,ymax
180,380,396,452
